$ANSIBLE_VAULT;1.1;AES256
36346465303232323763336164376232336539353861643731313961393061316333373362306638
3539616230306631663962383265616238393366373131380a316339346337623862363862326166
36396339303332383131353766343136313237323465333930393463386634633036333964376632
6433326162313363350a383135356364393534353537373031326562343862646237336238643635
65326163336533373938373138663937636338353663326634316237646166653333306435313333
35313837343935646261626338623637646330623764376431636533376135316366653564633634
62333035663837616637313833313338646338346666323464663839333965643834336533363133
66653762613166623962356634643262343264336234626238636237343731363633313138373361
39653361306136363661303064313931303330353336303962663137343437366436626132313830
37356236363135306332316265363766313866643137653366393235646661303831656262616535
30646461343333643634336431623461346138306137646166303731653864333831343436323333
39353664636566623665356565653832333632383034393061626364313362323738363133343364
35643533643936646461356263346130356364316432393636303132623665336635633332353136
30323938376534643236336133393265393839373031643737396138363737343231623662386164
32323635353663333766353565666632336332313330393638636566383231363966656365393233
63363630333235616565346335623666643134656634623131323034633330633266636331653139
63353862663839636364656636326636663463386531353063653537386139346333376532333638
36633332663365363131303733626135353862313035646130343531663437633338316332613133
64356533363730373263303066356130623435383164623466633162623235653264626637373864
31633931383965393564336330323666323037343233386161393864343839353964306438616335
33356230383764343264383631656132343633383636623438623732313836623332323333623562
65333332366333666265623131393738663833653331363231356439343866303261613561653038
38363534316337383139363063386632333037643231623232653962303831363162653436323635
62633563376131383863
